NAME	= Topographic Wetness Index
DESCRIPTION	= 
UNIT	= 
DATAFORMAT	= FLOAT
DATAFILE_OFFSET	= 0
BYTEORDER_BIG	= FALSE
TOPTOBOTTOM	= FALSE
POSITION_XMIN	= 190212.5000000000
POSITION_YMIN	= 314312.5000000000
CELLCOUNT_X	= 44
CELLCOUNT_Y	= 52
CELLSIZE	= 25.0000000000
Z_FACTOR	= 1.000000
Z_OFFSET	= 0.000000
NODATA_VALUE	= -99999.000000
